{
  "accessors": [
    {
      "bufferView": 2,
      "componentType": 5126,
      "count": 65532,
      "max": [
        4.1322455406188965,
        10.045249938964844,
        2.6255307197570801
      ],
      "min": [
        -6.3341755867004395,
        -10.512438774108887,
        -0.065110370516777039
      ],
      "type": "VEC3"
    },
    {
      "bufferView": 2,
      "byteOffset": 786384,
      "componentType": 5126,
      "count": 65532,
      "max": [
        0.9438396692276001,
        0.99791556596755981,
        0.99999946355819702
      ],
      "min": [
        -0.99996888637542725,
        -0.99996155500411987,
        -0.99080079793930054
      ],
      "type": "VEC3"
    },
    {
      "bufferView": 3,
      "componentType": 5126,
      "count": 65532,
      "max": [
        0.9993557333946228,
        0,
        0.99997979402542114,
        1
      ],
      "min": [
        -1,
        0,
        -0.99999958276748657,
        1
      ],
      "type": "VEC4"
    },
    {
      "bufferView": 1,
      "componentType": 5126,
      "count": 65532,
      "max": [
        0.999267578125,
        0.98978686332702637
      ],
      "min": [
        0.000732421875,
        0.0013321638107299805
      ],
      "type": "VEC2"
    },
    {
      "bufferView": 0,
      "componentType": 5125,
      "count": 363522,
      "max": [
        65531
      ],
      "min": [
        0
      ],
      "type": "SCALAR"
    },
    {
      "bufferView": 2,
      "byteOffset": 1572768,
      "componentType": 5126,
      "count": 65532,
      "max": [
        8.7969293594360352,
        9.9701547622680664,
        2.3809630870819092
      ],
      "min": [
        -1.1865434646606445,
        -10.514369010925293,
        -0.37229081988334656
      ],
      "type": "VEC3"
    },
    {
      "bufferView": 2,
      "byteOffset": 2359152,
      "componentType": 5126,
      "count": 65532,
      "max": [
        0.99999874830245972,
        0.99793988466262817,
        1
      ],
      "min": [
        -0.92054098844528198,
        -0.99983936548233032,
        -0.13966913521289825
      ],
      "type": "VEC3"
    },
    {
      "bufferView": 3,
      "byteOffset": 1048512,
      "componentType": 5126,
      "count": 65532,
      "max": [
        0.99912518262863159,
        0,
        0.99999994039535522,
        1
      ],
      "min": [
        -1,
        0,
        -0.99999982118606567,
        1
      ],
      "type": "VEC4"
    },
    {
      "bufferView": 1,
      "byteOffset": 524256,
      "componentType": 5126,
      "count": 65532,
      "max": [
        0.999267578125,
        0.99866783618927002
      ],
      "min": [
        0.000732421875,
        0.0013321638107299805
      ],
      "type": "VEC2"
    },
    {
      "bufferView": 0,
      "byteOffset": 1454088,
      "componentType": 5125,
      "count": 360918,
      "max": [
        65531
      ],
      "min": [
        0
      ],
      "type": "SCALAR"
    },
    {
      "bufferView": 2,
      "byteOffset": 3145536,
      "componentType": 5126,
      "count": 45769,
      "max": [
        8.8116331100463867,
        8.6569318771362305,
        2.4457888603210449
      ],
      "min": [
        -11.369723320007324,
        -9.2252931594848633,
        0.2488422691822052
      ],
      "type": "VEC3"
    },
    {
      "bufferView": 2,
      "byteOffset": 3694764,
      "componentType": 5126,
      "count": 45769,
      "max": [
        0.99498671293258667,
        0.99186968803405762,
        0.99999845027923584
      ],
      "min": [
        -0.95159679651260376,
        -0.99969923496246338,
        -0.40620285272598267
      ],
      "type": "VEC3"
    },
    {
      "bufferView": 3,
      "byteOffset": 2097024,
      "componentType": 5126,
      "count": 45769,
      "max": [
        0.99607855081558228,
        0,
        0.99996322393417358,
        1
      ],
      "min": [
        -1,
        0,
        -0.99997687339782715,
        1
      ],
      "type": "VEC4"
    },
    {
      "bufferView": 1,
      "byteOffset": 1048512,
      "componentType": 5126,
      "count": 45769,
      "max": [
        0.97900390625,
        0.99178510904312134
      ],
      "min": [
        0.000732421875,
        0.0013321638107299805
      ],
      "type": "VEC2"
    },
    {
      "bufferView": 0,
      "byteOffset": 2897760,
      "componentType": 5125,
      "count": 252240,
      "max": [
        45768
      ],
      "min": [
        0
      ],
      "type": "SCALAR"
    }
  ],
  "asset": {
    "extras": {
      "author": "Guillermo (https://sketchfab.com/guillermosainz)",
      "license": "CC-BY-4.0 (http://creativecommons.org/licenses/by/4.0/)",
      "source": "https://sketchfab.com/models/6b3c1db1b665490bb6abf8fc2221502d",
      "title": "Thin Crust Pepperoni Pizza"
    },
    "generator": "Sketchfab-3.23.4",
    "version": "2.0"
  },
  "bufferViews": [
    {
      "buffer": 0,
      "byteLength": 3906720,
      "byteOffset": 0,
      "name": "floatBufferViews",
      "target": 34963
    },
    {
      "buffer": 0,
      "byteLength": 1414664,
      "byteOffset": 3906720,
      "byteStride": 8,
      "name": "floatBufferViews",
      "target": 34962
    },
    {
      "buffer": 0,
      "byteLength": 4243992,
      "byteOffset": 5321384,
      "byteStride": 12,
      "name": "floatBufferViews",
      "target": 34962
    },
    {
      "buffer": 0,
      "byteLength": 2829328,
      "byteOffset": 9565376,
      "byteStride": 16,
      "name": "floatBufferViews",
      "target": 34962
    }
  ],
  "buffers": [
    {
      "byteLength": 12394704,
      "uri": "scene.bin"
    }
  ],
  "extensionsUsed": [
    "KHR_materials_unlit"
  ],
  "images": [
    {
      "uri": "textures/Material_0_baseColor.jpeg"
    }
  ],
  "materials": [
    {
      "doubleSided": true,
      "emissiveFactor": [
        0,
        0,
        0
      ],
      "extensions": {
        "KHR_materials_unlit": {}
      },
      "name": "Material_0",
      "pbrMetallicRoughness": {
        "baseColorFactor": [
          1,
          1,
          1,
          1
        ],
        "baseColorTexture": {
          "index": 0,
          "texCoord": 0
        },
        "metallicFactor": 0,
        "roughnessFactor": 1
      }
    }
  ],
  "meshes": [
    {
      "name": "mainMeshNode_Material_0_0",
      "primitives": [
        {
          "attributes": {
            "NORMAL": 1,
            "POSITION": 0,
            "TANGENT": 2,
            "TEXCOORD_0": 3
          },
          "indices": 4,
          "material": 0,
          "mode": 4
        }
      ]
    },
    {
      "name": "mainMeshNode_Material_0_0",
      "primitives": [
        {
          "attributes": {
            "NORMAL": 6,
            "POSITION": 5,
            "TANGENT": 7,
            "TEXCOORD_0": 8
          },
          "indices": 9,
          "material": 0,
          "mode": 4
        }
      ]
    },
    {
      "name": "mainMeshNode_Material_0_0",
      "primitives": [
        {
          "attributes": {
            "NORMAL": 11,
            "POSITION": 10,
            "TANGENT": 12,
            "TEXCOORD_0": 13
          },
          "indices": 14,
          "material": 0,
          "mode": 4
        }
      ]
    }
  ],
  "nodes": [
    {
      "children": [
        1
      ],
      "name": "RootNode (gltf orientation matrix)",
      "rotation": [
        -0.70710678118654746,
        -0,
        -0,
        0.70710678118654757
      ]
    },
    {
      "children": [
        2
      ],
      "matrix": [
        1,
        0,
        0,
        0,
        0,
        0.097190864384174347,
        -0.99526578187942505,
        0,
        0,
        0.99526578187942505,
        0.097190864384174347,
        0,
        0,
        -0.78363323211669922,
        -1.3330842256546021,
        1
      ],
      "name": "RootNode (model correction matrix)"
    },
    {
      "children": [
        3
      ],
      "matrix": [
        1,
        0,
        0,
        0,
        0,
        0,
        1,
        0,
        0,
        -1,
        0,
        0,
        0,
        0,
        0,
        1
      ],
      "name": "9a63a0663f0245749ac6625318035690.fbx"
    },
    {
      "children": [
        4,
        6,
        8,
        10,
        12,
        14,
        16,
        18,
        20,
        22,
        24,
        26,
        28,
        30,
        32,
        34,
        36,
        38,
        40,
        42,
        44,
        46,
        48,
        50,
        52,
        54,
        56,
        58,
        60,
        62,
        64,
        66,
        68,
        70,
        72,
        74,
        76,
        78,
        80,
        82,
        84,
        86,
        88,
        90,
        92,
        94,
        96,
        98,
        100,
        102,
        104,
        106,
        108,
        110,
        112,
        114,
        116,
        118,
        120,
        122,
        124,
        126
      ],
      "name": "RootNode"
    },
    {
      "children": [
        5
      ],
      "matrix": [
        0.017635908012041179,
        0.90370608531920449,
        -0.42779000234417552,
        0,
        0.077992971283217083,
        0.42530943494207862,
        0.90168119697577431,
        0,
        0.99679790889578335,
        -0.049266580014128591,
        -0.062982004689477566,
        0,
        -1.9536399841308594,
        -22.934600830078125,
        8.4004497528076172,
        1
      ],
      "name": "DSC_0333_JPG"
    },
    {
      "name": ""
    },
    {
      "children": [
        7
      ],
      "matrix": [
        0.019390892593187936,
        0.86501870226767952,
        -0.50136477539968749,
        0,
        0.079827457596988394,
        0.49851866087889007,
        0.86319564512868063,
        0,
        0.99662007319642143,
        -0.056760809390439981,
        -0.059385521967072696,
        0,
        -2.2653100490570068,
        -23.099000930786133,
        11.770299911499023,
        1
      ],
      "name": "DSC_0334_JPG"
    },
    {
      "name": ""
    },
    {
      "children": [
        9
      ],
      "matrix": [
        -0.0043967821747110669,
        0.78330785662897151,
        -0.62161842801660461,
        0,
        0.078517318985960316,
        0.6199757107643169,
        0.7806824890322166,
        0,
        0.99690305392538803,
        -0.04537532154824514,
        -0.064229130996988237,
        0,
        -1.2377899885177612,
        -20.013299942016602,
        14.522199630737305,
        1
      ],
      "name": "DSC_0335_JPG"
    },
    {
      "name": ""
    },
    {
      "children": [
        11
      ],
      "matrix": [
        0.016673265439576035,
        0.72157689115787949,
        -0.69213350761721615,
        0,
        0.071497024727318725,
        0.68959727190878206,
        0.72065510338240613,
        0,
        0.99730144774522533,
        -0.061501160337793848,
        -0.040092762468834087,
        0,
        -1.9320600032806396,
        -18.232799530029297,
        16.940099716186523,
        1
      ],
      "name": "DSC_0336_JPG"
    },
    {
      "name": ""
    },
    {
      "children": [
        13
      ],
      "matrix": [
        0.016098728069475765,
        0.64219370929108499,
        -0.76637332332323704,
        0,
        0.057238291779502293,
        0.76462381776748112,
        0.64193005480102472,
        0,
        0.99823073931266504,
        -0.054200157284267692,
        -0.024448599993680986,
        0,
        -2.4700100421905518,
        -16.759199142456055,
        18.069299697875977,
        1
      ],
      "name": "DSC_0337_JPG"
    },
    {
      "name": ""
    },
    {
      "children": [
        15
      ],
      "matrix": [
        0.0075809274449664121,
        0.52435776088933672,
        -0.85146430819746954,
        0,
        0.060677956760399443,
        0.84967851278998219,
        0.52379825359234189,
        0,
        0.99812860649440216,
        -0.055635991032113169,
        -0.025375606385215299,
        0,
        -2.1949100494384766,
        -14.313699722290039,
        20.463499069213867,
        1
      ],
      "name": "DSC_0338_JPG"
    },
    {
      "name": ""
    },
    {
      "children": [
        17
      ],
      "matrix": [
        0.009332519107119408,
        0.44011851215983355,
        -0.89789119571434151,
        0,
        0.056161811667330308,
        0.89628225469140899,
        0.43991359473824809,
        0,
        0.99837806215749703,
        -0.054532698259839224,
        -0.016353281723946456,
        0,
        -3.083820104598999,
        -12.591799736022949,
        23.318599700927734,
        1
      ],
      "name": "DSC_0339_JPG"
    },
    {
      "name": ""
    },
    {
      "children": [
        19
      ],
      "matrix": [
        -0.082305990351409841,
        0.88103976811041051,
        -0.46582684654303441,
        0,
        0.030075761274549417,
        0.46939565297223385,
        0.88247559147804566,
        0,
        0.99615318728397884,
        0.058622930485642266,
        -0.065132015823599509,
        0,
        1.4595600366592407,
        -24.187599182128906,
        8.5926599502563477,
        1
      ],
      "name": "DSC_0340_JPG"
    },
    {
      "name": ""
    },
    {
      "children": [
        21
      ],
      "matrix": [
        -0.20861265429068054,
        0.87638932043110462,
        -0.43407662860847918,
        0,
        0.007594315941167995,
        0.44528011429640879,
        0.89535911576169425,
        0,
        0.97796885780436926,
        0.18348672662207394,
        -0.099546643933050794,
        0,
        4.6526899337768555,
        -23.643100738525391,
        9.568699836730957,
        1
      ],
      "name": "DSC_0341_JPG"
    },
    {
      "name": ""
    },
    {
      "children": [
        23
      ],
      "matrix": [
        -0.24790015364918916,
        0.81403945122484667,
        -0.52524783261833508,
        0,
        -0.073934552972813927,
        0.52469324919449378,
        0.84807468782320983,
        0,
        0.96596024540216885,
        0.24907180912193805,
        -0.069885894165463425,
        0,
        6.8261599540710449,
        -21.509199142456055,
        12.98390007019043,
        1
      ],
      "name": "DSC_0342_JPG"
    },
    {
      "name": ""
    },
    {
      "children": [
        25
      ],
      "matrix": [
        -0.33381258819227355,
        0.76257392676791869,
        -0.55412107176873615,
        0,
        -0.17263860726478064,
        0.52843982702949899,
        0.83123237454439303,
        0,
        0.92669577923181068,
        0.37313852042209517,
        -0.044750165710946144,
        0,
        10.021900177001953,
        -18.675100326538086,
        13.087200164794922,
        1
      ],
      "name": "DSC_0343_JPG"
    },
    {
      "name": ""
    },
    {
      "children": [
        27
      ],
      "matrix": [
        -0.49798988202443728,
        0.66003454328428746,
        -0.56245931325989218,
        0,
        -0.34634423111372248,
        0.44324714937101317,
        0.82678754111846375,
        0,
        0.79501682433488907,
        0.6065363684446079,
        0.0078665607793543257,
        0,
        11.946800231933594,
        -17.016899108886719,
        14.159600257873535,
        1
      ],
      "name": "DSC_0344_JPG"
    },
    {
      "name": ""
    },
    {
      "children": [
        29
      ],
      "matrix": [
        -0.41779671821058106,
        0.61632263677761867,
        -0.66752701042575935,
        0,
        -0.43485080327497228,
        0.50945057873680422,
        0.74253948495406386,
        0,
        0.79771591506223549,
        0.60050521664696532,
        0.055161613792578335,
        0,
        10.481499671936035,
        -16.173299789428711,
        16.299900054931641,
        1
      ],
      "name": "DSC_0345_JPG"
    },
    {
      "name": ""
    },
    {
      "children": [
        31
      ],
      "matrix": [
        -0.3398388717271974,
        0.58703601222168622,
        -0.73477769537326432,
        0,
        -0.49520644569229244,
        0.55250838940493763,
        0.67045138211653221,
        0,
        0.79954994678756131,
        0.59171209214619058,
        0.10294018943049343,
        0,
        7.5494799613952637,
        -15.63539981842041,
        18.537500381469727,
        1
      ],
      "name": "DSC_0346_JPG"
    },
    {
      "name": ""
    },
    {
      "children": [
        33
      ],
      "matrix": [
        -0.20440754197316169,
        0.50971044566498391,
        -0.83571096580366433,
        0,
        -0.59723437470499863,
        0.61148742942536227,
        0.51903200799709048,
        0,
        0.77558278633245803,
        0.6052093730559418,
        0.17942395690100732,
        0,
        3.2215299606323242,
        -14.547599792480469,
        20.549400329589844,
        1
      ],
      "name": "DSC_0347_JPG"
    },
    {
      "name": ""
    },
    {
      "children": [
        35
      ],
      "matrix": [
        -0.045206829514397251,
        0.38112341147779449,
        -0.92341826264633953,
        0,
        -0.80221349034968858,
        0.53700824725402319,
        0.26091312401282551,
        0,
        0.59532332262916288,
        0.7525736426454821,
        0.28146590189414411,
        0,
        -0.46773898601531982,
        -12.200699806213379,
        24.253900527954102,
        1
      ],
      "name": "DSC_0348_JPG"
    },
    {
      "name": ""
    },
    {
      "children": [
        37
      ],
      "matrix": [
        0.56714782249389839,
        0.65889443408216075,
        -0.49416745357821645,
        0,
        0.32041332305114545,
        0.37622048780286732,
        0.86936381737952206,
        0,
        0.7587349009052845,
        -0.65139563192649808,
        0.0022540752708193335,
        0,
        -13.794599533081055,
        -17.987199783325195,
        14.312899589538574,
        1
      ],
      "name": "DSC_0349_JPG"
    },
    {
      "name": ""
    },
    {
      "children": [
        39
      ],
      "matrix": [
        0.51838153107507901,
        0.60531004561476842,
        -0.60405325669025578,
        0,
        0.39355007128548103,
        0.45825661434949494,
        0.796943672285646,
        0,
        0.75920941092128846,
        -0.65084608325070636,
        -0.00066804622973659633,
        0,
        -12.065899848937988,
        -16.091699600219727,
        15.449999809265137,
        1
      ],
      "name": "DSC_0350_JPG"
    },
    {
      "name": ""
    },
    {
      "children": [
        41
      ],
      "matrix": [
        0.47929533731391483,
        0.55792636866503664,
        -0.67749106767350542,
        0,
        0.430133673988781,
        0.52354471007611725,
        0.73544949456249364,
        0,
        0.76502353044207327,
        -0.64390923560666535,
        0.010949619645737041,
        0,
        -12.371399879455566,
        -15.356100082397461,
        18.167600631713867,
        1
      ],
      "name": "DSC_0351_JPG"
    },
    {
      "name": ""
    },
    {
      "children": [
        43
      ],
      "matrix": [
        0.38520845142686311,
        0.46607814298511874,
        -0.79648327890851622,
        0,
        0.49911309715672247,
        0.62073650944932035,
        0.60462575373804395,
        0,
        0.77620909888762701,
        -0.63044218645980288,
        0.0064872440867327352,
        0,
        -10.256799697875977,
        -13.380200386047363,
        20.34429931640625,
        1
      ],
      "name": "DSC_0352_JPG"
    },
    {
      "name": ""
    },
    {
      "children": [
        45
      ],
      "matrix": [
        0.31700349312393039,
        0.38161751335551053,
        -0.8682608242041,
        0,
        0.53428754392052247,
        0.68453301098803454,
        0.49593485184954617,
        0,
        0.78361062126454251,
        -0.6211140236446222,
        0.013105871714075845,
        0,
        -8.859990119934082,
        -11.098600387573242,
        22.516500473022461,
        1
      ],
      "name": "DSC_0353_JPG"
    },
    {
      "name": ""
    },
    {
      "children": [
        47
      ],
      "matrix": [
        0.69101543360055262,
        0.2726074390876459,
        -0.66946460300744481,
        0,
        0.62293581532276066,
        0.24522226158997551,
        0.74284386812362202,
        0,
        0.36667238853506234,
        -0.93035005593312725,
        -0.00036456991000743955,
        0,
        -20.020599365234375,
        -8.8367204666137695,
        18.030399322509766,
        1
      ],
      "name": "DSC_0354_JPG"
    },
    {
      "name": ""
    },
    {
      "children": [
        49
      ],
      "matrix": [
        0.73190507542730621,
        0.15161395937398109,
        -0.6643253479182426,
        0,
        0.65121301786338237,
        0.13136387000528527,
        0.74743905371775987,
        0,
        0.20059054297003923,
        -0.97967175164959175,
        -0.0025871008495053083,
        0,
        -21.882099151611328,
        -4.8204197883605957,
        18.559799194335938,
        1
      ],
      "name": "DSC_0355_JPG"
    },
    {
      "name": ""
    },
    {
      "children": [
        51
      ],
      "matrix": [
        0.79458899234965941,
        0.28377632635726613,
        -0.53674885173228593,
        0,
        0.51370402478399457,
        0.15700178854515079,
        0.84348006100580064,
        0,
        0.32363020278935362,
        -0.94595001717469107,
        -0.021025148030958452,
        0,
        -22.326299667358398,
        -8.8390798568725586,
        15.418299674987793,
        1
      ],
      "name": "DSC_0356_JPG"
    },
    {
      "name": ""
    },
    {
      "children": [
        53
      ],
      "matrix": [
        0.67096965594809466,
        0.2289072121742044,
        -0.70526676443139547,
        0,
        0.65821940239209187,
        0.25404712672330254,
        0.7086658420710229,
        0,
        0.34138971734879925,
        -0.93971354444759825,
        0.019786744811591817,
        0,
        -19.171699523925781,
        -7.2134299278259277,
        20.602899551391602,
        1
      ],
      "name": "DSC_0357_JPG"
    },
    {
      "name": ""
    },
    {
      "children": [
        55
      ],
      "matrix": [
        0.55027655673152398,
        0.17785967015417981,
        -0.81581961783493795,
        0,
        0.76064297440113593,
        0.29623024828950872,
        0.57764167568876912,
        0,
        0.34440960585600799,
        -0.93841013300740872,
        0.027720852496394999,
        0,
        -16.436399459838867,
        -5.6300702095031738,
        24.013099670410156,
        1
      ],
      "name": "DSC_0358_JPG"
    },
    {
      "name": ""
    },
    {
      "children": [
        57
      ],
      "matrix": [
        0.44364641781198544,
        0.1660928174379091,
        -0.88067646270246747,
        0,
        0.82458240224881596,
        0.30928135824000924,
        0.47371816868976752,
        0,
        0.35105799786383612,
        -0.93635368181085954,
        0.00025435227998049648,
        0,
        -13.150400161743164,
        -4.7159900665283203,
        25.300899505615234,
        1
      ],
      "name": "DSC_0359_JPG"
    },
    {
      "name": ""
    },
    {
      "children": [
        59
      ],
      "matrix": [
        0.78639614673814706,
        0.091219798568182298,
        -0.61095011968619417,
        0,
        0.60483003904613053,
        0.087307109222667489,
        0.79155422590409907,
        0,
        0.12554570587180974,
        -0.99199617793031925,
        0.013485499945778301,
        0,
        -20.594499588012695,
        -4.0041399002075195,
        17.373300552368164,
        1
      ],
      "name": "DSC_0360_JPG"
    },
    {
      "name": ""
    },
    {
      "children": [
        61
      ],
      "matrix": [
        0.77679729190430913,
        -0.082358051637541729,
        -0.62434214868179427,
        0,
        0.62500314274317892,
        -0.020684014511071158,
        0.78034815505955768,
        0,
        -0.077181855712862957,
        -0.99638813866593878,
        0.035406754645759153,
        0,
        -20.293699264526367,
        1.200410008430481,
        16.290300369262695,
        1
      ],
      "name": "DSC_0361_JPG"
    },
    {
      "name": ""
    },
    {
      "children": [
        63
      ],
      "matrix": [
        0.70881070433358695,
        -0.29262092635713916,
        -0.64184139698216258,
        0,
        0.62384985543595661,
        -0.16464476842150799,
        0.76400488094250019,
        0,
        -0.3292396441722355,
        -0.94194750049528642,
        0.065849548335747521,
        0,
        -19.013700485229492,
        6.717860221862793,
        15.997799873352051,
        1
      ],
      "name": "DSC_0362_JPG"
    },
    {
      "name": ""
    },
    {
      "children": [
        65
      ],
      "matrix": [
        0.63810956298857924,
        -0.4443989239447092,
        -0.62874937933910435,
        0,
        0.55598028181886971,
        -0.29896775687198529,
        0.77556702262250921,
        0,
        -0.5326369418761101,
        -0.84446899099239758,
        0.05630285428952353,
        0,
        -16.709600448608398,
        11.017800331115723,
        15.027500152587891,
        1
      ],
      "name": "DSC_0363_JPG"
    },
    {
      "name": ""
    },
    {
      "children": [
        67
      ],
      "matrix": [
        0.52127315165970023,
        -0.6041739106065902,
        -0.60270074423473474,
        0,
        0.41029526705084551,
        -0.4418312561505231,
        0.79777373667232609,
        0,
        -0.74828610517263949,
        -0.66314329283405282,
        0.017574924602137165,
        0,
        -13.775600433349609,
        14.638400077819824,
        14.351799964904785,
        1
      ],
      "name": "DSC_0364_JPG"
    },
    {
      "name": ""
    },
    {
      "children": [
        69
      ],
      "matrix": [
        0.63895951396787654,
        -0.67239788277510759,
        -0.37364666029484006,
        0,
        0.28042467398127191,
        -0.2487021047062532,
        0.92709722539611628,
        0,
        -0.71630492231481435,
        -0.69715733543744096,
        0.029646381117011678,
        0,
        -16.22599983215332,
        15.349599838256836,
        10.458200454711914,
        1
      ],
      "name": "DSC_0365_JPG"
    },
    {
      "name": ""
    },
    {
      "children": [
        71
      ],
      "matrix": [
        0.57159894206660389,
        -0.60544182207665476,
        -0.55381842648005086,
        0,
        0.41198679777178804,
        -0.37193882069584605,
        0.83182233206444467,
        0,
        -0.7096066007937688,
        -0.70363464506793849,
        0.036834201091231811,
        0,
        -14.052700042724609,
        13.569499969482422,
        15.90839958190918,
        1
      ],
      "name": "DSC_0366_JPG"
    },
    {
      "name": ""
    },
    {
      "children": [
        73
      ],
      "matrix": [
        0.41340494770348102,
        -0.43231617491962371,
        -0.80137324270101973,
        0,
        0.58056542634031227,
        -0.55285280345632493,
        0.59774372723498626,
        0,
        -0.70145572558257274,
        -0.71235981260409942,
        0.022435740105439472,
        0,
        -12.961600303649902,
        11.175000190734863,
        21.854099273681641,
        1
      ],
      "name": "DSC_0367_JPG"
    },
    {
      "name": ""
    },
    {
      "children": [
        75
      ],
      "matrix": [
        0.3431593799614745,
        -0.29861692841995979,
        -0.89054453566651282,
        0,
        0.63288498611917909,
        -0.62706639693852662,
        0.45414130859839252,
        0,
        -0.69404483593596666,
        -0.71945511596732881,
        -0.02619354537008256,
        0,
        -10.183500289916992,
        8.4682197570800781,
        23.959199905395508,
        1
      ],
      "name": "DSC_0368_JPG"
    },
    {
      "name": ""
    },
    {
      "children": [
        77
      ],
      "matrix": [
        0.39646489090614123,
        -0.52862391475260795,
        -0.75058133938328686,
        0,
        0.36801494362604786,
        -0.65750382250547235,
        0.65746005556125553,
        0,
        -0.84105920811004642,
        -0.53688497850314265,
        -0.06613568107294121,
        0,
        -12.497300148010254,
        14.81879997253418,
        18.084400177001953,
        1
      ],
      "name": "DSC_0369_JPG"
    },
    {
      "name": ""
    },
    {
      "children": [
        79
      ],
      "matrix": [
        0.28734314706736486,
        -0.80046978557798565,
        -0.52600573971217868,
        0,
        0.10621334886619066,
        -0.51914972735221698,
        0.84805794914778532,
        0,
        -0.95192050106931281,
        -0.29955247114128825,
        -0.064153539864111098,
        0,
        -11.206100463867188,
        24.176599502563477,
        15.712900161743164,
        1
      ],
      "name": "DSC_0370_JPG"
    },
    {
      "name": ""
    },
    {
      "children": [
        81
      ],
      "matrix": [
        0.33008611269705046,
        -0.86744085873051646,
        -0.37227612710112651,
        0,
        0.10938870765871639,
        -0.35657255368024954,
        0.92784164845015515,
        0,
        -0.93759120561218245,
        -0.34699044737111928,
        -0.022811413631875554,
        0,
        -11.439000129699707,
        25.387599945068359,
        12.182299613952637,
        1
      ],
      "name": "DSC_0371_JPG"
    },
    {
      "name": ""
    },
    {
      "children": [
        83
      ],
      "matrix": [
        0.35349346713614049,
        -0.59005305323861834,
        -0.72586483800763812,
        0,
        0.37953485946224136,
        -0.61875705473592824,
        0.68781756132530991,
        0,
        -0.85498284143311742,
        -0.51863002379182022,
        0.0052191260426353026,
        0,
        -10.60669994354248,
        16.129499435424805,
        21.669099807739258,
        1
      ],
      "name": "DSC_0372_JPG"
    },
    {
      "name": ""
    },
    {
      "children": [
        85
      ],
      "matrix": [
        0.28394619420629663,
        -0.32594830815950582,
        -0.90173846496848287,
        0,
        0.59387813217173069,
        -0.67855864323057369,
        0.432281079652232,
        0,
        -0.7527837158998435,
        -0.65826732267752652,
        0.00089942814319332598,
        0,
        -8.9448299407958984,
        8.8552703857421875,
        26.309200286865234,
        1
      ],
      "name": "DSC_0373_JPG"
    },
    {
      "name": ""
    },
    {
      "children": [
        87
      ],
      "matrix": [
        -0.039680424756034061,
        -0.71376051941967034,
        -0.69926488887183769,
        0,
        -0.034200238584546905,
        -0.69843585337523995,
        0.71485502194554185,
        0,
        -0.99862696116815364,
        0.052280776942996543,
        0.0033034512703893348,
        0,
        -0.26040199398994446,
        18.289400100708008,
        15.77649974822998,
        1
      ],
      "name": "DSC_0374_JPG"
    },
    {
      "name": ""
    },
    {
      "children": [
        89
      ],
      "matrix": [
        -0.0093177460725581973,
        -0.65685116533871934,
        -0.75396268223387153,
        0,
        -0.036219242366256954,
        -0.75327895603652184,
        0.65670311471390352,
        0,
        -0.99930042834502075,
        0.033426949990903898,
        -0.016771789521811575,
        0,
        0.091156899929046631,
        17.574499130249023,
        19.178699493408203,
        1
      ],
      "name": "DSC_0375_JPG"
    },
    {
      "name": ""
    },
    {
      "children": [
        91
      ],
      "matrix": [
        0.0056581393397919788,
        -0.53062871495543562,
        -0.84758548378553211,
        0,
        -0.016427217033568642,
        -0.84753399867730472,
        0.53048682135053116,
        0,
        -0.99984905460761597,
        0.010921902343522583,
        -0.013512218524543762,
        0,
        -0.22861500084400177,
        14.614999771118164,
        22.281099319458008,
        1
      ],
      "name": "DSC_0376_JPG"
    },
    {
      "name": ""
    },
    {
      "children": [
        93
      ],
      "matrix": [
        0.0019131158593121977,
        -0.45315615319950175,
        -0.89142910026829314,
        0,
        -0.020291667573283073,
        -0.89126477966130691,
        0.45302907275623883,
        0,
        -0.99979227253205172,
        0.017221885863975522,
        -0.010900386804328477,
        0,
        -1.5034899711608887,
        12.562399864196777,
        24.556299209594727,
        1
      ],
      "name": "DSC_0377_JPG"
    },
    {
      "name": ""
    },
    {
      "children": [
        95
      ],
      "matrix": [
        -0.54334494051076154,
        -0.71280903131758866,
        -0.44348569367391977,
        0,
        -0.32384995310480391,
        -0.30941127131785384,
        0.89408381769020173,
        0,
        -0.77453049229541193,
        0.62941873983346763,
        -0.06272612255732346,
        0,
        12.195199966430664,
        17.57710075378418,
        11.487199783325195,
        1
      ],
      "name": "DSC_0378_JPG"
    },
    {
      "name": ""
    },
    {
      "children": [
        97
      ],
      "matrix": [
        -0.47711741135545882,
        -0.65638299019764679,
        -0.58439742124744321,
        0,
        -0.40498132484976224,
        -0.42594469673012503,
        0.80904959171265456,
        0,
        -0.77996737258964677,
        0.62268168875170704,
        -0.062597221894628241,
        0,
        11.473400115966797,
        17.254600524902344,
        16.31879997253418,
        1
      ],
      "name": "DSC_0379_JPG"
    },
    {
      "name": ""
    },
    {
      "children": [
        99
      ],
      "matrix": [
        -0.34575829089646648,
        -0.57656679268838862,
        -0.74028503824228364,
        0,
        -0.52602608556750452,
        -0.53420980489767245,
        0.66175255319017789,
        0,
        -0.77701207299428932,
        0.61821567265818789,
        -0.11858170390453004,
        0,
        7.928530216217041,
        15.995599746704102,
        20.749000549316406,
        1
      ],
      "name": "DSC_0380_JPG"
    },
    {
      "name": ""
    },
    {
      "children": [
        101
      ],
      "matrix": [
        -0.20299918225675206,
        -0.48135324089442333,
        -0.85269595371593332,
        0,
        -0.72133187370946705,
        -0.51538521085453759,
        0.46266447065147875,
        0,
        -0.66217192629548949,
        0.70899727919989852,
        -0.24259265881980374,
        0,
        3.5971899032592773,
        13.091300010681152,
        24.867000579833984,
        1
      ],
      "name": "DSC_0381_JPG"
    },
    {
      "name": ""
    },
    {
      "children": [
        103
      ],
      "matrix": [
        -0.80705689029493355,
        -0.36226191313489547,
        -0.46628905425638945,
        0,
        -0.57037962996223979,
        0.27403143017349829,
        0.77432154367627271,
        0,
        -0.15272934738160557,
        0.89088331534994691,
        -0.42778576984219163,
        0,
        16.70050048828125,
        7.0782098770141602,
        11.74120044708252,
        1
      ],
      "name": "DSC_0382_JPG"
    },
    {
      "name": ""
    },
    {
      "children": [
        105
      ],
      "matrix": [
        -0.72039969204437293,
        -0.39757419121249937,
        -0.5682948584881794,
        0,
        -0.68334147472433304,
        0.26674548473774151,
        0.67962583477498928,
        0,
        -0.11861160408639046,
        0.87794168875487077,
        -0.46384229919477948,
        0,
        16.268999099731445,
        7.8833799362182617,
        14.911600112915039,
        1
      ],
      "name": "DSC_0383_JPG"
    },
    {
      "name": ""
    },
    {
      "children": [
        107
      ],
      "matrix": [
        -0.6048036165889259,
        -0.41243265641572763,
        -0.68125757924798314,
        0,
        -0.79540745493067599,
        0.27069209165007257,
        0.54226632954555953,
        0,
        -0.039237303700179804,
        0.86984199452542821,
        -0.4917675655819167,
        0,
        14.658499717712402,
        9.2636804580688477,
        17.047199249267578,
        1
      ],
      "name": "DSC_0384_JPG"
    },
    {
      "name": ""
    },
    {
      "children": [
        109
      ],
      "matrix": [
        -0.51749607768610417,
        -0.4267434782365187,
        -0.74167905010327495,
        0,
        -0.85461098463457641,
        0.30118466505261621,
        0.42299865541046755,
        0,
        0.042870438782664055,
        0.85274720833300977,
        -0.52056154694602741,
        0,
        12.874799728393555,
        10.649700164794922,
        19.441299438476562,
        1
      ],
      "name": "DSC_0385_JPG"
    },
    {
      "name": ""
    },
    {
      "children": [
        111
      ],
      "matrix": [
        -0.32879954441352943,
        -0.49598764355139685,
        -0.80367102538152269,
        0,
        -0.93671255963426736,
        0.27963316746696676,
        0.21065344116774015,
        0,
        0.12025157053807994,
        0.82207149877411756,
        -0.55654111320404853,
        0,
        7.8558602333068848,
        12.775199890136719,
        22.313299179077148,
        1
      ],
      "name": "DSC_0386_JPG"
    },
    {
      "name": ""
    },
    {
      "children": [
        113
      ],
      "matrix": [
        0.010066979479137927,
        -0.24024986748341262,
        -0.97065887782390858,
        0,
        -0.098060401931244684,
        -0.96626642182784028,
        0.23814566891107902,
        0,
        -0.99512954608797022,
        0.092785792135569978,
        -0.033286382809272652,
        0,
        -1.1325299739837646,
        8.192469596862793,
        16.6781005859375,
        1
      ],
      "name": "DSC_0387_JPG"
    },
    {
      "name": ""
    },
    {
      "children": [
        115
      ],
      "matrix": [
        0.098026035126488886,
        -0.19117982714306397,
        -0.97664792537071865,
        0,
        -0.033729809128534766,
        -0.98144878770429145,
        0.1887341439430851,
        0,
        -0.99461208338403628,
        0.014441288284801124,
        -0.10265599241711265,
        0,
        -6.9121098518371582,
        4.6803998947143555,
        18.994899749755859,
        1
      ],
      "name": "DSC_0388_JPG"
    },
    {
      "name": ""
    },
    {
      "children": [
        117
      ],
      "matrix": [
        0.042563127675176227,
        -0.22887336515461043,
        -0.97252525051296801,
        0,
        0.0021963385652257056,
        -0.97338358557981852,
        0.22917148910953808,
        0,
        -0.99909136532121723,
        -0.011890250063836982,
        -0.040927566431512741,
        0,
        1.9674199819564819,
        3.4085500240325928,
        20.68589973449707,
        1
      ],
      "name": "DSC_0389_JPG"
    },
    {
      "name": ""
    },
    {
      "children": [
        119
      ],
      "matrix": [
        0.060670232948545899,
        -0.23229265428994458,
        -0.97075189703492304,
        0,
        -0.063816228533015967,
        -0.97145645578738238,
        0.2284728506515383,
        0,
        -0.99611576225345988,
        0.048088223838592209,
        -0.073762530584697394,
        0,
        -2.3463900089263916,
        4.6526098251342773,
        21.15880012512207,
        1
      ],
      "name": "DSC_0390_JPG"
    },
    {
      "name": ""
    },
    {
